"V1","V2","V3","V4","V5","V6","V7"
31,15485,4723,2863,210.963719731187,21,9.9490151343536
15485,8127809,2363694,1373834,116412.155388548,10675,4723
4723,2363694,852745,450376,30590.717518233,3219,1794.74288891159
2863,1373834,450376,297177,15485,2112,986.921471091605
210.963719731187,116412.155388548,30590.717518233,15485,2163.15572284002,135.769369702765,58.0224401574116
21,10675,3219,2112,135.769369702765,21,6.77450471543215
