"V1","V2","V3","V4","V5","V6","V7","V8","V9","V10"
52,23094,6815,5215,297.895650566077,25,1664,1710.8,676,16.1205052868557
23094,11396798,3259295,2198538,150329.3214514,11142,739008,759792.6,300222,6815
6815,3259295,1082645,665255,43457.6407199018,3012,218080,224213.5,88595,2333.38155903399
5215,2198538,665255,633819,23094,3127,166880,171573.5,67795,1679.41953426834
297.895650566077,150329.3214514,43457.6407199018,23094,2408.6030747901,109.040155630623,9532.66081811445,9800.76690362391,3872.64345735899,87.9830441114647
25,11142,3012,3127,109.040155630623,25,800,822.5,325,7.364023333325
1664,739008,218080,166880,9532.66081811445,800,53248,54745.6,21632,515.856169179384
1710.8,759792.6,224213.5,171573.5,9800.76690362391,822.5,54745.6,56285.3200000001,22240.4,530.364623937554
676,300222,88595,67795,3872.64345735899,325,21632,22240.4,8788,209.566568729125
