"V1","V2","V3","V4","V5","V6","V7"
52,23094,6815,5215,297.895650566077,25,16.1205052868557
23094,11396798,3259295,2198538,150329.3214514,11142,6815
6815,3259295,1082645,665255,43457.6407199018,3012,2333.38155903399
5215,2198538,665255,633819,23094,3127,1679.41953426834
297.895650566077,150329.3214514,43457.6407199018,23094,2408.6030747901,109.040155630623,87.9830441114647
25,11142,3012,3127,109.040155630623,25,7.364023333325
